[1, 1479, 8246, 5146, 4134, 6553, 11567, 1305, 5860, 3195, 1212, 10643, 3621, 9744, 8785, 3542, 7311, 10938, 8961, 5777, 5023,
6461, 5728, 4591, 3006, 9545, 563, 9314, 2625, 11340, 4821, 2639, 12149, 1853, 726, 4611, 11112, 4255, 2768, 1635, 2963, 7393,
2366, 9238, 9198, 12208, 11289, 7969, 8736, 4805, 11227, 2294, 9542, 4846, 9154, 8577, 9275, 3201, 7203, 10963, 1170, 9970, 955,
11499, 8340, 8993, 2396, 4452, 6915, 2837, 130, 7935, 11336, 3748, 6522, 11462, 5067, 10092, 12171, 9813, 8011, 1673, 5331, 7300,
10908, 9764, 4177, 8705, 480, 9447, 1022, 12280, 5791, 11745, 9821, 11950, 12144, 6747, 8652, 3459, 2731, 8357, 6378, 7399, 10530,
3707, 8595, 5179, 3382, 355, 4231, 2548, 9048, 11560, 3289, 10276, 9005, 9408, 5092, 10200, 6534, 4632, 4388, 1260, 334, 2426,
1428, 10593, 3400, 2399, 5191, 9153, 9273, 243, 3000, 671, 3531, 11813, 3985, 7384, 10111, 10745, 6730, 11869, 9042, 2686, 2969,
3978, 8779, 6957, 9424, 2370, 8241, 10040, 9405, 11136, 3186, 5407, 10163, 1630, 3271, 8232, 10600, 8925, 4414, 2847, 10115, 4372,
9509, 5195, 7394, 10805, 9984, 7247, 4053, 9644, 12176, 4919, 2166, 8374, 12129, 9140, 7852, 3, 1426, 7635, 10512, 1663, 8653,
4938, 2704, 5291, 5277, 1168, 11082, 9041, 2143, 11224, 11885, 4645, 4096, 11796, 5444, 2381, 10911, 1912, 4337, 11854, 4976,
10682, 11414, 8509, 11287, 5011, 8005, 5088, 9852, 8643, 9302, 6267, 2422, 6039, 2187, 2566, 10849, 8526, 9223, 27, 7205, 1632,
7404, 1017, 4143, 7575, 12047, 10752, 8585, 2678, 7270, 11744, 3833, 3778, 11899, 773, 5101, 11222, 9888, 442, 9377, 6591, 354,
7428, 5012, 2481, 1045, 9430, 1987, 1702, 3565, 654, 5206, 6760, 3199, 56, 6137, 7341, 11889, 10561, 5862, 6153, 5415, 8646, 1359,
6854, 11035, 973, 2033, 8291, 1922, 3879, 468, 3988, 382, 11973, 5339, 6843, 6196, 8579, 4467, 7500, 4749, 6752, 8500, 12142,
6833, 4449, 1050, 4536, 6844, 8429, 2683, 11099, 3818, 6171, 6364, 11271, 3514, 11248, 10316, 6715, 1278, 9945, 8214, 6974, 7965,
7373, 2169, 522, 5079, 3262, 6008, 885, 5009, 10333, 1003, 8757, 241, 58, 11184, 142, 6608, 3477, 3438, 9445, 11314, 8077, 3602,
6221, 11868, 4080, 8689, 9026, 4624, 6212, 7507, 5886, 3029, 6695, 4213, 504, 11684, 2302, 6821, 11279, 11502, 3482, 7048, 2920,
3127, 4169, 7232, 4698, 8844, 4780, 10240, 4912, 1321, 12097, 11858, 1579, 9784, 6383, 151, 2127, 3957, 2839, 5874, 11612, 6055,
8953, 52, 3174, 10966, 9523, 9139, 10970, 4046, 11580, 4240, 3570, 835, 6065, 11367, 441, 4079, 11231, 10331, 4322, 2078, 1112,
12225, 3656, 683, 2459, 5782, 10723, 9341, 2503, 5919, 4433, 8455, 7032, 1747, 3123, 3054, 6803, 10885, 325, 11143, 948, 8561,
4049, 5990, 11130, 6190, 11994, 6523, 652, 3762, 9370, 4016, 4077, 8960, 4298, 2692, 12121, 1594, 10327, 7183, 5961, 6992, 6119,
8333, 10929, 1200, 5184, 2555, 6122, 2882, 10484, 10335, 10238, 6147, 9842, 8326, 576, 3434, 3529, 2908, 12071, 2361, 1843, 3030,
8174, 6956, 2031, 6413, 10008, 12133, 2767, 3969, 8298, 11836, 5908, 418, 3772, 7515, 5429, 7552, 10996, 2057, 6920, 3202, 4493,
11939, 10777, 1815, 5383, 10800, 9789, 10706, 5942, 1263, 49, 5915, 10806, 9280, 10596, 11566, 12115, 9551, 5868, 9634, 5735,
1975, 8532, 2925, 347, 4754, 1858, 11863, 8974]

[1, 1479, 8246, 5146, 4134, 6553, 11567, 1305, 5860, 3195, 1212, 10643, 3621, 9744, 8785, 3542, 7311, 10938, 8961, 5777, 5023, 6461, 5728, 4591, 3006, 9545, 563, 9314, 2625, 11340, 4821, 2639, 12149, 1853, 726, 4611, 11112, 4255, 2768, 1635, 2963, 7393, 2366, 9238, 9198, 12208, 11289, 7969, 8736, 4805, 11227, 2294, 9542, 4846, 9154, 8577, 9275, 3201, 7203, 10963, 1170, 9970, 955, 11499, 8340, 8993, 2396, 4452, 6915, 2837, 130, 7935, 11336, 3748, 6522, 11462, 5067, 10092, 12171, 9813, 8011, 1673, 5331, 7300, 10908, 9764, 4177, 8705, 480, 9447, 1022, 12280, 5791, 11745, 9821, 11950, 12144, 6747, 8652, 3459, 2731, 8357, 6378, 7399, 10530, 3707, 8595, 5179, 3382, 355, 4231, 2548, 9048, 11560, 3289, 10276, 9005, 9408, 5092, 10200, 6534, 4632, 4388, 1260, 334, 2426, 1428, 10593, 3400, 2399, 5191, 9153, 9273, 243, 3000, 671, 3531, 11813, 3985, 7384, 10111, 10745, 6730, 11869, 9042, 2686, 2969, 3978, 8779, 6957, 9424, 2370, 8241, 10040, 9405, 11136, 3186, 5407, 10163, 1630, 3271, 8232, 10600, 8925, 4414, 2847, 10115, 4372, 9509, 5195, 7394, 10805, 9984, 7247, 4053, 9644, 12176, 4919, 2166, 8374, 12129, 9140, 7852, 3, 1426, 7635, 10512, 1663, 8653, 4938, 2704, 5291, 5277, 1168, 11082, 9041, 2143, 11224, 11885, 4645, 4096, 11796, 5444, 2381, 10911, 1912, 4337, 11854, 4976, 10682, 11414, 8509, 11287, 5011, 8005, 5088, 9852, 8643, 9302, 6267, 2422, 6039, 2187, 2566, 10849, 8526, 9223, 27, 7205, 1632, 7404, 1017, 4143, 7575, 12047, 10752, 8585, 2678, 7270, 11744, 3833, 3778, 11899, 773, 5101, 11222, 9888, 442, 9377, 6591, 354, 7428, 5012, 2481, 1045, 9430, 10302, 10587, 8724, 11635, 7083, 5529, 9090, 12233, 6152, 4948, 400, 1728, 6427, 6136, 6874, 3643, 10930, 5435, 1254, 11316, 10256, 3998, 10367, 8410, 11821, 8301, 11907, 316, 6950, 5446, 6093, 3710, 7822, 4789, 7540, 5537, 3789, 147, 5456, 7840, 11239, 7753, 5445, 3860, 9606, 1190, 8471, 6118, 5925, 1018, 8775, 1041, 1973, 5574, 11011, 2344, 4075, 5315, 4324, 4916, 10120, 11767, 7210, 9027, 6281, 11404, 7280, 1956, 11286, 3532, 12048, 12231, 1105, 12147, 5681, 8812, 8851, 2844, 975, 4212, 8687, 6068, 421, 8209, 3600, 3263, 7665, 6077, 4782, 6403, 9260, 5594, 8076, 11785, 605, 9987, 5468, 1010, 787, 8807, 5241, 9369, 9162, 8120, 5057, 7591, 3445, 7509, 2049, 7377, 10968, 192, 431, 10710, 2505, 5906, 12138, 10162, 8332, 9450, 6415, 677, 6234, 3336, 12237, 9115, 1323, 2766, 3150, 1319, 8243, 709, 8049, 8719, 11454, 6224, 922, 11848, 8210, 1058, 1958, 7967, 10211, 11177, 64, 8633, 11606, 9830, 6507, 1566, 2948, 9786, 6370, 7856, 3834, 5257, 10542, 9166, 9235, 5486, 1404, 11964, 1146, 11341, 3728, 8240, 6299, 1159, 6099, 295, 5766, 11637, 8527, 2919, 8273, 8212, 3329, 7991, 9597, 168, 10695, 1962, 5106, 6328, 5297, 6170, 3956, 1360, 11089, 7105, 9734, 6167, 9407, 1805, 1954, 2051, 6142, 2447, 3963, 11713, 8855, 8760, 9381, 218, 9928, 10446, 9259, 4115, 5333, 10258, 5876, 2281, 156, 9522, 8320, 3991, 453, 6381, 11871, 8517, 4774, 6860, 4737, 1293, 10232, 5369, 9087, 7796, 350, 1512, 10474, 6906, 1489, 2500, 1583, 6347, 11026, 12240, 6374, 1483, 3009, 1693, 723, 174, 2738, 6421, 2655, 6554, 10314, 3757, 9364, 11942, 7535, 10431, 426, 3315]

